@0
00c00713
02000793
00f75863
40e787b3
fef71ce3
0000006f
40f70733
fef716e3
ff5ff06f
00000000
00000000
00000000
00000000
00000000
00000000
00000000
00000013
0b80006f
00000013
00000013
00000013
00000013
00000013
00000013
00000013
00000013
00000013
00000013
00000013
00000013
00000013
00000013
0b80006f
00000000
00000000
0a80006f
00000000
00000000
00000000
0980006f
00000000
00000000
00000000
0880006f
00000000
00000000
00000000
00000000
0740006f
00000000
00000000
00000000
00000000
00000000
00000000
00000000
00000000
00000000
00000000
00000000
00000000
00000000
00000000
00800293
3002a073
000012b7
80028293
3042a073
80001117
ef010113
00000517
f6850513
00150513
30551073
00000513
00000593
ed1ff0ef
0000006f
0000006f
